0	0
1	1
2	1
3	2
4	2
5	3
6	3
7	4
8	4
9	5
10	5
11	6
12	6
13	7
14	7
15	8
16	8
17	9
18	9
19	10
20	10
21	11
22	11
23	12
24	12
25	13
26	13
27	14
28	14
29	15
30	15
31	16
32	16
33	17
34	17
35	18
36	18
37	19
38	19
39	20
40	20
41	21
42	21
43	22
44	22
45	23
46	23
47	24
48	24
49	25
50	25
51	26
52	27
53	28
54	29
55	29
56	30
57	31
58	32
59	33
60	33
61	34
62	35
63	36
64	37
65	37
66	38
67	39
68	40
69	41
70	41
71	42
72	43
73	44
74	45
75	45
76	46
77	47
78	48
79	49
80	49
81	50
82	51
83	52
84	53
85	53
86	54
87	55
88	56
89	57
90	57
91	58
92	59
93	60
94	61
95	61
96	62
97	63
98	64
99	65
100	66
101	67
102	68
103	69
104	70
105	71
106	72
107	73
108	74
109	75
110	76
111	77
112	78
113	79
114	80
115	81
116	82
117	83
118	84
119	85
120	86
121	87
122	88
123	89
124	90
125	91
126	92
127	93
128	94
129	95
130	96
131	97
132	98
133	99
134	100
135	101
136	102
137	103
138	104
139	105
140	106
141	107
142	108
143	109
144	110
145	111
146	112
147	113
148	114
149	115
150	116
151	117
152	118
153	120
154	121
155	122
156	124
157	125
158	126
159	128
160	129
161	130
162	131
163	133
164	134
165	135
166	137
167	138
168	139
169	141
170	142
171	143
172	144
173	146
174	147
175	148
176	150
177	151
178	152
179	154
180	155
181	156
182	157
183	159
184	160
185	161
186	163
187	164
188	165
189	167
190	168
191	169
192	170
193	172
194	173
195	174
196	176
197	177
198	178
199	180
200	181
201	183
202	184
203	186
204	188
205	189
206	191
207	192
208	194
209	196
210	197
211	199
212	200
213	202
214	204
215	205
216	207
217	208
218	210
219	212
220	213
221	215
222	216
223	218
224	220
225	221
226	223
227	224
228	226
229	228
230	229
231	231
232	232
233	234
234	236
235	237
236	239
237	240
238	242
239	244
240	245
241	247
242	248
243	250
244	252
245	253
246	255
247	256
248	258
249	260
250	261
251	263
252	265
253	267
254	269
255	270
256	272
257	274
258	276
259	278
260	279
261	281
262	283
263	285
264	287
265	288
266	290
267	292
268	294
269	296
270	297
271	299
272	301
273	303
274	305
275	306
276	308
277	310
278	312
279	314
280	315
281	317
282	319
283	321
284	323
285	324
286	326
287	328
288	330
289	332
290	333
291	335
292	337
293	339
294	341
295	342
296	344
297	346
298	348
299	350
300	352
301	354
302	356
303	358
304	360
305	362
306	364
307	366
308	368
309	371
310	373
311	375
312	377
313	379
314	381
315	383
316	385
317	387
318	389
319	392
320	394
321	396
322	398
323	400
324	402
325	404
326	406
327	408
328	410
329	413
330	415
331	417
332	419
333	421
334	423
335	425
336	427
337	429
338	431
339	434
340	436
341	438
342	440
343	442
344	444
345	446
346	448
347	450
348	452
349	455
350	457
351	459
352	462
353	464
354	467
355	469
356	471
357	474
358	476
359	479
360	481
361	483
362	486
363	488
364	491
365	493
366	495
367	498
368	500
369	503
370	505
371	507
372	510
373	512
374	515
375	517
376	519
377	522
378	524
379	527
380	529
381	531
382	534
383	536
384	539
385	541
386	543
387	546
388	548
389	551
390	553
391	555
392	558
393	560
394	563
395	565
396	567
397	570
398	572
399	575
400	577
401	580
402	582
403	585
404	588
405	590
406	593
407	595
408	598
409	601
410	603
411	606
412	608
413	611
414	614
415	616
416	619
417	621
418	624
419	627
420	629
421	632
422	634
423	637
424	640
425	642
426	645
427	647
428	650
429	653
430	655
431	658
432	660
433	663
434	666
435	668
436	671
437	673
438	676
439	679
440	681
441	684
442	686
443	689
444	692
445	694
446	697
447	699
448	702
449	705
450	707
451	710
452	713
453	716
454	719
455	721
456	724
457	727
458	730
459	733
460	735
461	738
462	741
463	744
464	747
465	749
466	752
467	755
468	758
469	761
470	763
471	766
472	769
473	772
474	775
475	777
476	780
477	783
478	786
479	789
480	791
481	794
482	797
483	800
484	803
485	805
486	808
487	811
488	814
489	817
490	819
491	822
492	825
493	828
494	831
495	833
496	836
497	839
498	842
499	845
500	847
501	850
502	853
503	856
504	859
505	862
506	865
507	868
508	871
509	874
510	876
511	879
512	882
513	885
514	888
515	891
516	894
517	897
518	900
519	903
520	905
521	908
522	911
523	914
524	917
525	920
526	923
527	926
528	929
529	931
530	934
531	937
532	940
533	943
534	946
535	949
536	952
537	955
538	958
539	961
540	963
541	966
542	969
543	972
544	975
545	978
546	981
547	984
548	987
549	990
550	993
551	996
552	999
553	1002
554	1005
555	1008
556	1011
557	1014
558	1017
559	1020
560	1023
561	1026
562	1029
563	1032
564	1035
565	1038
566	1041
567	1044
568	1047
569	1050
570	1053
571	1056
572	1059
573	1062
574	1065
575	1068
576	1071
577	1074
578	1077
579	1080
580	1083
581	1086
582	1089
583	1092
584	1095
585	1098
586	1101
587	1104
588	1107
589	1110
590	1113
591	1116
592	1119
593	1122
594	1125
595	1128
596	1131
597	1134
598	1137
599	1140
600	1143
601	1146
602	1149
603	1152
604	1155
605	1158
606	1161
607	1164
608	1167
609	1171
610	1174
611	1177
612	1180
613	1183
614	1186
615	1189
616	1192
617	1195
618	1198
619	1202
620	1205
621	1208
622	1211
623	1214
624	1217
625	1220
626	1223
627	1226
628	1229
629	1233
630	1236
631	1239
632	1242
633	1245
634	1248
635	1251
636	1254
637	1257
638	1260
639	1264
640	1267
641	1270
642	1273
643	1276
644	1279
645	1282
646	1285
647	1288
648	1291
649	1295
650	1298
651	1301
652	1304
653	1308
654	1311
655	1314
656	1318
657	1321
658	1324
659	1328
660	1331
661	1334
662	1337
663	1341
664	1344
665	1347
666	1351
667	1354
668	1357
669	1361
670	1364
671	1367
672	1370
673	1374
674	1377
675	1380
676	1384
677	1387
678	1390
679	1394
680	1397
681	1400
682	1403
683	1407
684	1410
685	1413
686	1417
687	1420
688	1423
689	1427
690	1430
691	1433
692	1436
693	1440
694	1443
695	1446
696	1450
697	1453
698	1456
699	1460
700	1463
701	1466
702	1470
703	1473
704	1477
705	1480
706	1483
707	1487
708	1490
709	1494
710	1497
711	1500
712	1504
713	1507
714	1511
715	1514
716	1517
717	1521
718	1524
719	1528
720	1531
721	1534
722	1538
723	1541
724	1545
725	1548
726	1551
727	1555
728	1558
729	1562
730	1565
731	1568
732	1572
733	1575
734	1579
735	1582
736	1585
737	1589
738	1592
739	1596
740	1599
741	1602
742	1606
743	1609
744	1613
745	1616
746	1619
747	1623
748	1626
749	1630
750	1633
751	1637
752	1640
753	1644
754	1647
755	1651
756	1654
757	1658
758	1661
759	1665
760	1668
761	1672
762	1675
763	1679
764	1682
765	1686
766	1689
767	1693
768	1696
769	1700
770	1703
771	1707
772	1710
773	1714
774	1717
775	1721
776	1724
777	1728
778	1731
779	1735
780	1738
781	1742
782	1745
783	1749
784	1752
785	1756
786	1759
787	1763
788	1766
789	1770
790	1773
791	1777
792	1780
793	1784
794	1787
795	1791
796	1794
797	1798
798	1801
799	1805
800	1808
801	1812
802	1816
803	1820
804	1824
805	1828
806	1832
807	1836
808	1840
809	1844
810	1847
811	1851
812	1855
813	1859
814	1863
815	1867
816	1871
817	1875
818	1879
819	1883
820	1886
821	1890
822	1894
823	1898
824	1902
825	1906
826	1910
827	1914
828	1918
829	1922
830	1925
831	1929
832	1933
833	1937
834	1941
835	1945
836	1949
837	1953
838	1957
839	1961
840	1964
841	1968
842	1972
843	1976
844	1980
845	1984
846	1988
847	1992
848	1996
849	2000
850	2004
851	2008
852	2012
853	2016
854	2020
855	2024
856	2028
857	2032
858	2036
859	2041
860	2045
861	2049
862	2053
863	2057
864	2061
865	2065
866	2069
867	2073
868	2077
869	2082
870	2086
871	2090
872	2094
873	2098
874	2102
875	2106
876	2110
877	2114
878	2118
879	2123
880	2127
881	2131
882	2135
883	2139
884	2143
885	2147
886	2151
887	2155
888	2159
889	2164
890	2168
891	2172
892	2176
893	2180
894	2184
895	2188
896	2192
897	2196
898	2200
899	2205
900	2209
901	2213
902	2217
903	2221
904	2226
905	2230
906	2234
907	2238
908	2242
909	2247
910	2251
911	2255
912	2259
913	2263
914	2268
915	2272
916	2276
917	2280
918	2284
919	2289
920	2293
921	2297
922	2301
923	2305
924	2310
925	2314
926	2318
927	2322
928	2326
929	2331
930	2335
931	2339
932	2343
933	2347
934	2352
935	2356
936	2360
937	2364
938	2368
939	2373
940	2377
941	2381
942	2385
943	2389
944	2394
945	2398
946	2402
947	2406
948	2410
949	2415
950	2419
951	2423
952	2427
953	2432
954	2436
955	2440
956	2445
957	2449
958	2453
959	2458
960	2462
961	2466
962	2470
963	2475
964	2479
965	2483
966	2488
967	2492
968	2496
969	2501
970	2505
971	2509
972	2513
973	2518
974	2522
975	2526
976	2531
977	2535
978	2539
979	2544
980	2548
981	2552
982	2556
983	2561
984	2565
985	2569
986	2574
987	2578
988	2582
989	2587
990	2591
991	2595
992	2599
993	2604
994	2608
995	2612
996	2617
997	2621
998	2625
999	2630
1000	2635
1001	2640
1002	2645
1003	2650
1004	2656
1005	2661
1006	2666
1007	2671
1008	2676
1009	2682
1010	2687
1011	2692
1012	2697
1013	2702
1014	2708
1015	2713
1016	2718
1017	2723
1018	2728
1019	2734
1020	2739
1021	2744
1022	2749
1023	2754
1024	2760
1025	2765
1026	2770
1027	2775
1028	2780
1029	2786
1030	2791
1031	2796
1032	2801
1033	2806
1034	2812
1035	2817
1036	2822
1037	2827
1038	2832
1039	2838
1040	2843
1041	2848
1042	2853
1043	2858
1044	2864
1045	2869
1046	2874
1047	2879
1048	2884
1049	2890
1050	2895
1051	2901
1052	2906
1053	2912
1054	2917
1055	2923
1056	2928
1057	2934
1058	2939
1059	2945
1060	2950
1061	2956
1062	2961
1063	2967
1064	2972
1065	2978
1066	2983
1067	2989
1068	2994
1069	3000
1070	3005
1071	3011
1072	3016
1073	3022
1074	3027
1075	3033
1076	3038
1077	3044
1078	3049
1079	3055
1080	3060
1081	3066
1082	3071
1083	3077
1084	3082
1085	3088
1086	3093
1087	3099
1088	3104
1089	3110
1090	3115
1091	3121
1092	3126
1093	3132
1094	3137
1095	3143
1096	3148
1097	3154
1098	3159
1099	3165
1100	3171
1101	3178
1102	3184
1103	3191
1104	3198
1105	3204
1106	3211
1107	3217
1108	3224
1109	3231
1110	3237
1111	3244
1112	3250
1113	3257
1114	3264
1115	3270
1116	3277
1117	3283
1118	3290
1119	3297
1120	3303
1121	3310
1122	3316
1123	3323
1124	3330
1125	3336
1126	3343
1127	3349
1128	3356
1129	3363
1130	3369
1131	3376
1132	3382
1133	3389
1134	3396
1135	3402
1136	3409
1137	3415
1138	3422
1139	3429
1140	3435
1141	3442
1142	3448
1143	3455
1144	3462
1145	3468
1146	3475
1147	3481
1148	3488
1149	3495
1150	3501
1151	3508
1152	3515
1153	3522
1154	3529
1155	3535
1156	3542
1157	3549
1158	3556
1159	3563
1160	3569
1161	3576
1162	3583
1163	3590
1164	3597
1165	3603
1166	3610
1167	3617
1168	3624
1169	3631
1170	3637
1171	3644
1172	3651
1173	3658
1174	3665
1175	3671
1176	3678
1177	3685
1178	3692
1179	3699
1180	3705
1181	3712
1182	3719
1183	3726
1184	3733
1185	3739
1186	3746
1187	3753
1188	3760
1189	3767
1190	3773
1191	3780
1192	3787
1193	3794
1194	3801
1195	3807
1196	3814
1197	3821
1198	3828
1199	3835
1200	3841
1201	3849
1202	3857
1203	3865
1204	3873
1205	3881
1206	3889
1207	3897
1208	3905
1209	3912
1210	3920
1211	3928
1212	3936
1213	3944
1214	3952
1215	3960
1216	3968
1217	3976
1218	3984
1219	3992
1220	4001
1221	4009
1222	4017
1223	4025
1224	4033
1225	4041
1226	4049
1227	4057
1228	4065
1229	4073
1230	4082
1231	4090
1232	4098
1233	4106
1234	4115
1235	4123
1236	4132
1237	4140
1238	4148
1239	4156
1240	4165
1241	4173
1242	4182
1243	4190
1244	4198
1245	4207
1246	4215
1247	4224
1248	4232
1249	4240
1250	4249
1251	4257
1252	4266
1253	4274
1254	4283
1255	4291
1256	4300
1257	4308
1258	4317
1259	4325
1260	4334
1261	4343
1262	4351
1263	4360
1264	4368
1265	4377
1266	4386
1267	4394
1268	4403
1269	4411
1270	4420
1271	4429
1272	4438
1273	4447
1274	4455
1275	4464
1276	4473
1277	4482
1278	4491
1279	4499
1280	4508
1281	4517
1282	4526
1283	4535
1284	4544
1285	4553
1286	4562
1287	4571
1288	4580
1289	4588
1290	4597
1291	4606
1292	4615
1293	4624
1294	4633
1295	4642
1296	4651
1297	4660
1298	4669
1299	4678
1300	4688
1301	4697
1302	4706
1303	4715
1304	4724
1305	4734
1306	4743
1307	4752
1308	4761
1309	4770
1310	4780
1311	4789
1312	4798
1313	4808
1314	4817
1315	4826
1316	4836
1317	4845
1318	4854
1319	4863
1320	4873
1321	4882
1322	4892
1323	4901
1324	4910
1325	4920
1326	4929
1327	4939
1328	4948
1329	4957
1330	4967
1331	4977
1332	4986
1333	4996
1334	5005
1335	5015
1336	5025
1337	5034
1338	5044
1339	5053
1340	5063
1341	5073
1342	5083
1343	5092
1344	5102
1345	5112
1346	5121
1347	5131
1348	5141
1349	5150
1350	5160
1351	5170
1352	5180
1353	5190
1354	5199
1355	5209
1356	5219
1357	5229
1358	5239
1359	5248
1360	5258
1361	5268
1362	5278
1363	5288
1364	5298
1365	5308
1366	5318
1367	5328
1368	5338
1369	5348
1370	5359
1371	5369
1372	5379
1373	5389
1374	5399
1375	5409
1376	5419
1377	5429
1378	5439
1379	5449
1380	5460
1381	5470
1382	5480
1383	5490
1384	5500
1385	5511
1386	5521
1387	5531
1388	5541
1389	5551
1390	5562
1391	5572
1392	5582
1393	5593
1394	5603
1395	5613
1396	5624
1397	5634
1398	5644
1399	5654
1400	5665
1401	5675
1402	5686
1403	5696
1404	5707
1405	5717
1406	5728
1407	5738
1408	5749
1409	5759
1410	5770
1411	5781
1412	5791
1413	5802
1414	5812
1415	5823
1416	5834
1417	5844
1418	5855
1419	5865
1420	5876
1421	5887
1422	5897
1423	5908
1424	5919
1425	5930
1426	5940
1427	5951
1428	5962
1429	5972
1430	5983
1431	5994
1432	6005
1433	6016
1434	6027
1435	6038
1436	6049
1437	6060
1438	6071
1439	6081
1440	6092
1441	6103
1442	6114
1443	6125
1444	6136
1445	6147
1446	6158
1447	6169
1448	6180
1449	6191
1450	6203
1451	6214
1452	6225
1453	6236
1454	6247
1455	6258
1456	6269
1457	6280
1458	6291
1459	6302
1460	6314
1461	6325
1462	6336
1463	6348
1464	6359
1465	6370
1466	6382
1467	6393
1468	6404
1469	6415
1470	6427
1471	6438
1472	6450
1473	6461
1474	6472
1475	6484
1476	6495
1477	6507
1478	6518
1479	6529
1480	6541
1481	6552
1482	6564
1483	6575
1484	6587
1485	6598
1486	6610
1487	6621
1488	6633
1489	6644
1490	6656
1491	6668
1492	6680
1493	6691
1494	6703
1495	6715
1496	6726
1497	6738
1498	6750
1499	6761
1500	6773
1501	6785
1502	6797
1503	6809
1504	6820
1505	6832
1506	6844
1507	6856
1508	6868
1509	6879
1510	6891
1511	6903
1512	6915
1513	6927
1514	6939
1515	6951
1516	6963
1517	6975
1518	6987
1519	6999
1520	7011
1521	7023
1522	7035
1523	7047
1524	7059
1525	7071
1526	7083
1527	7095
1528	7107
1529	7119
1530	7132
1531	7144
1532	7156
1533	7168
1534	7180
1535	7193
1536	7205
1537	7217
1538	7229
1539	7241
1540	7254
1541	7266
1542	7278
1543	7291
1544	7303
1545	7315
1546	7328
1547	7340
1548	7352
1549	7364
1550	7377
1551	7389
1552	7402
1553	7414
1554	7426
1555	7439
1556	7451
1557	7464
1558	7476
1559	7488
1560	7501
1561	7514
1562	7526
1563	7539
1564	7551
1565	7564
1566	7577
1567	7589
1568	7602
1569	7614
1570	7627
1571	7640
1572	7653
1573	7665
1574	7678
1575	7691
1576	7703
1577	7716
1578	7729
1579	7741
1580	7754
1581	7767
1582	7780
1583	7793
1584	7805
1585	7818
1586	7831
1587	7844
1588	7857
1589	7869
1590	7882
1591	7895
1592	7908
1593	7921
1594	7934
1595	7947
1596	7960
1597	7973
1598	7986
1599	7999
1600	8013
1601	8026
1602	8039
1603	8052
1604	8065
1605	8078
1606	8091
1607	8104
1608	8117
1609	8130
1610	8144
1611	8157
1612	8170
1613	8183
1614	8196
1615	8210
1616	8223
1617	8236
1618	8249
1619	8262
1620	8276
1621	8289
1622	8303
1623	8316
1624	8329
1625	8343
1626	8356
1627	8370
1628	8383
1629	8396
1630	8410
1631	8423
1632	8437
1633	8450
1634	8464
1635	8477
1636	8491
1637	8504
1638	8518
1639	8531
1640	8545
1641	8559
1642	8572
1643	8586
1644	8599
1645	8613
1646	8627
1647	8640
1648	8654
1649	8667
1650	8681
1651	8695
1652	8709
1653	8723
1654	8736
1655	8750
1656	8764
1657	8778
1658	8792
1659	8805
1660	8819
1661	8833
1662	8847
1663	8861
1664	8875
1665	8889
1666	8903
1667	8917
1668	8931
1669	8944
1670	8958
1671	8972
1672	8986
1673	9000
1674	9014
1675	9028
1676	9042
1677	9056
1678	9070
1679	9084
1680	9099
1681	9113
1682	9127
1683	9141
1684	9155
1685	9169
1686	9183
1687	9197
1688	9211
1689	9225
1690	9240
1691	9254
1692	9268
1693	9283
1694	9297
1695	9311
1696	9326
1697	9340
1698	9354
1699	9368
1700	9383
1701	9397
1702	9412
1703	9426
1704	9440
1705	9455
1706	9469
1707	9484
1708	9498
1709	9512
1710	9527
1711	9541
1712	9556
1713	9570
1714	9585
1715	9599
1716	9614
1717	9628
1718	9643
1719	9657
1720	9672
1721	9687
1722	9702
1723	9716
1724	9731
1725	9746
1726	9760
1727	9775
1728	9790
1729	9804
1730	9819
1731	9834
1732	9849
1733	9864
1734	9878
1735	9893
1736	9908
1737	9923
1738	9938
1739	9952
1740	9967
1741	9982
1742	9997
1743	10012
1744	10027
1745	10042
1746	10057
1747	10072
1748	10087
1749	10102
1750	10117
1751	10132
1752	10147
1753	10162
1754	10177
1755	10192
1756	10207
1757	10222
1758	10237
1759	10252
1760	10268
1761	10283
1762	10298
1763	10313
1764	10328
1765	10344
1766	10359
1767	10374
1768	10389
1769	10404
1770	10420
1771	10435
1772	10450
1773	10466
1774	10481
1775	10496
1776	10512
1777	10527
1778	10542
1779	10557
1780	10573
1781	10588
1782	10604
1783	10619
1784	10635
1785	10650
1786	10666
1787	10681
1788	10697
1789	10712
1790	10728
1791	10744
1792	10759
1793	10775
1794	10790
1795	10806
1796	10822
1797	10837
1798	10853
1799	10868
1800	10884
1801	10900
1802	10916
1803	10931
1804	10947
1805	10963
1806	10978
1807	10994
1808	11010
1809	11025
1810	11041
1811	11057
1812	11073
1813	11089
1814	11105
1815	11121
1816	11137
1817	11153
1818	11169
1819	11184
1820	11200
1821	11216
1822	11232
1823	11248
1824	11264
1825	11280
1826	11296
1827	11312
1828	11328
1829	11344
1830	11361
1831	11377
1832	11393
1833	11409
1834	11425
1835	11441
1836	11457
1837	11473
1838	11489
1839	11505
1840	11522
1841	11538
1842	11554
1843	11570
1844	11586
1845	11603
1846	11619
1847	11635
1848	11651
1849	11667
1850	11684
1851	11700
1852	11717
1853	11733
1854	11749
1855	11766
1856	11782
1857	11799
1858	11815
1859	11831
1860	11848
1861	11864
1862	11881
1863	11897
1864	11914
1865	11931
1866	11947
1867	11963
1868	11980
1869	11996
1870	12013
1871	12030
1872	12046
1873	12063
1874	12079
1875	12096
1876	12113
1877	12129
1878	12146
1879	12162
1880	12179
1881	12196
1882	12213
1883	12230
1884	12246
1885	12263
1886	12280
1887	12297
1888	12314
1889	12330
1890	12347
1891	12364
1892	12381
1893	12398
1894	12415
1895	12432
1896	12449
1897	12466
1898	12483
1899	12499
1900	12516
1901	12533
1902	12550
1903	12567
1904	12584
1905	12601
1906	12618
1907	12635
1908	12652
1909	12669
1910	12687
1911	12704
1912	12721
1913	12738
1914	12755
1915	12773
1916	12790
1917	12807
1918	12824
1919	12841
1920	12859
1921	12876
1922	12893
1923	12911
1924	12928
1925	12945
1926	12963
1927	12980
1928	12997
1929	13014
1930	13032
1931	13049
1932	13067
1933	13084
1934	13101
1935	13119
1936	13136
1937	13154
1938	13171
1939	13188
1940	13206
1941	13224
1942	13241
1943	13259
1944	13276
1945	13294
1946	13312
1947	13329
1948	13347
1949	13364
1950	13382
1951	13400
1952	13418
1953	13435
1954	13453
1955	13471
1956	13488
1957	13506
1958	13524
1959	13541
1960	13559
1961	13577
1962	13595
1963	13613
1964	13630
1965	13648
1966	13666
1967	13684
1968	13702
1969	13719
1970	13737
1971	13755
1972	13773
1973	13791
1974	13809
1975	13827
1976	13845
1977	13863
1978	13881
1979	13899
1980	13917
1981	13935
1982	13953
1983	13971
1984	13989
1985	14007
1986	14025
1987	14043
1988	14061
1989	14079
1990	14098
1991	14116
1992	14134
1993	14152
1994	14171
1995	14189
1996	14207
1997	14225
1998	14243
1999	14262
2000	14280
