1	180	263	綺羅星
2	120	94	読解力
3	90	129	秋ウマ娘○
4	200	180	勝ち鬨ワッショイ！
5	180	217	コーナー巧者○
6	170	217	直線回復○
7	140	129	集中力
8	180	239	急ぎ足
9	90	129	対抗意識○
10	180	239	前途洋々
11	160	239	別腹タンク
12	160	239	詰め寄り
13	140	217	トリック（後）
14	130	174	追込駆け引き
15	130	217	逃げ焦り
16	130	217	差しためらい
17	100	239	短距離コーナー○
18	180	239	勢い任せ
19	130	217	追込けん制
20	100	239	マイル直線○
21	160	239	布石
22	130	239	先行直線○
23	180	239	抜け出し準備
24	160	239	スプリントギア
25	90	129	雨の日○
26	160	239	積極策
27	160	239	スピードイーター
28	160	239	スタミナイーター
29	90	129	晴れの日○
30	130	239	逃げ直線○
31	160	320	マイルの支配者
32	90	129	道悪○
33	200	180	不沈艦、抜錨ォッ！
34	200	180	わやかわ♪マリンダイヴ
35	200	180	レッツ・アナボリック！
36	90	129	右回り○
37	90	129	東京レース場○
38	90	129	冬ウマ娘○
39	90	129	根幹距離○
